ID	Sample Type	Cohort	GAPDH CT	HBEGF CT	NR4A3 CT 	S1 CT	SYTL3 CT	SULF1 CT	CH25H CT	HFKBIA CT	NR4A2 CT	EDN1 CT	VPS8 CT
82	MI	HD	18.527	24.267	24.979	25.622	20.969	34.097	26.046	18.916	26.067	26.303	23.520
83	MI	HD	15.176	22.990	24.794	24.168	17.920	34.879	23.967	16.509	24.185	23.459	21.714
84	MI	HD	22.343	31.610	31.605	26.608	22.244	Undetermined	26.921	24.331	32.225	31.718	27.532
85	MI	HD	12.964	19.708	24.418	23.569	15.434	27.060	24.070	14.628	22.823	21.352	17.037
86	MI	HD	12.462	16.833	17.071	21.024	14.567	28.984	21.896	10.984	19.025	17.827	18.308
87	MI	HD	12.319	17.257	20.009	23.293	13.947	31.621	22.695	13.625	20.171	20.146	17.951
88	MI	HD	13.090	18.985	20.339	23.147	15.993	33.534	24.986	11.957	20.950	20.539	18.734
89	MI	HD	12.809	19.650	22.878	21.981	13.638	28.121	22.901	13.501	21.971	20.019	16.391
90	MI	HD	12.510	18.416	22.246	22.697	15.288	30.337	23.111	13.155	21.738	19.973	16.395
91	MI	HD	12.176	19.271	23.279	23.528	14.804	30.325	23.212	14.352	21.268	21.052	16.989
92	MI	HD	12.118	19.275	21.647	19.641	14.071	31.105	20.773	14.115	21.468	21.165	17.417
93	MI	HD	12.627	16.942	19.847	22.591	13.881	33.582	22.700	14.076	19.867	21.510	17.499
94	MI	HD	12.504	20.715	24.516	24.684	14.658	27.842	24.053	15.090	22.431	23.245	16.954
95	MI	HD	12.972	20.938	24.101	22.493	14.268	31.138	22.535	15.205	21.025	22.663	16.549
96	MI	HD	17.796	23.738	25.935	20.820	20.677	35.822	20.632	18.684	26.224	26.976	22.954
97	MI	HD	13.888	19.972	21.852	21.092	17.669	33.653	21.411	13.677	22.511	21.687	19.278
98	MI	HD	10.315	16.061	17.412	18.729	12.973	25.374	19.312	11.725	18.739	18.662	15.355
99	MI	HD	12.793	20.620	24.723	21.479	17.338	32.352	21.321	14.346	24.777	22.735	18.228
100	MI	HD	11.928	15.526	19.752	19.382	13.904	27.766	19.457	11.661	19.840	20.123	16.614
101	MI	HD	11.511	17.753	20.441	18.297	13.201	28.383	19.027	14.211	20.194	21.192	16.704
102	MI	HD	11.703	18.415	22.742	20.989	16.023	Undetermined	20.955	11.707	21.328	20.498	17.265
103	MI	HD	12.715	19.043	21.476	22.784	14.772	28.092	22.696	14.655	21.312	21.431	17.329
104	MI	HD	12.991	20.918	24.745	19.532	15.857	27.735	19.645	15.006	22.647	22.707	17.408
105	MI	HD	11.946	18.234	24.545	23.349	15.321	31.801	23.967	14.751	21.771	21.409	16.527
106	MI	HD	14.175	19.618	22.343	19.766	18.265	35.949	20.315	13.651	22.959	22.472	21.418
107	MI	HD	14.087	20.248	26.592	20.301	17.070	31.869	19.899	17.050	25.172	23.999	19.897
108	MI	HD	14.163	19.828	19.307	24.519	16.167	28.781	24.779	15.378	21.568	21.682	20.150
109	MI	HD	11.466	17.967	17.960	23.008	14.267	30.874	23.819	10.911	18.396	17.358	17.308
110	MI	HD	10.363	15.965	17.007	18.880	13.832	28.696	19.684	10.516	17.439	17.699	16.757
111	MI	HD	11.410	15.152	16.535	18.642	13.281	29.776	19.609	11.696	18.072	18.293	16.466
112	MI	HD	10.033	16.585	16.744	19.658	13.379	26.290	20.561	12.602	19.000	18.383	16.410
113	MI	HD	11.303	17.976	20.435	20.029	15.308	27.560	19.818	10.833	20.180	18.957	17.670
114	MI	HD	12.735	20.684	24.607	24.721	15.649	32.421	24.935	15.526	23.514	21.206	17.478
115	MI	HD	12.833	21.230	20.872	17.907	14.129	30.209	18.468	15.694	22.306	21.521	19.089
116	MI	HD	12.256	18.893	20.023	20.501	14.270	30.488	19.968	14.479	21.213	20.422	17.685
117	MI	HD	13.325	22.098	23.109	24.148	15.774	30.492	25.072	15.105	22.592	22.301	18.672
118	MI	HD	13.055	17.834	20.797	25.611	15.781	33.510	25.455	13.408	20.877	24.128	19.752
119	MI	HD	13.359	21.476	25.701	23.824	17.367	29.002	24.183	13.343	24.766	22.486	19.941
120	MI	HD	13.259	20.056	21.879	24.916	16.972	33.617	25.144	13.064	21.723	22.545	19.016
121	MI	HD	12.690	16.813	19.823	22.664	15.878	28.856	23.136	11.656	20.971	19.793	18.795
122	MI	HD	11.485	17.848	18.233	24.293	14.222	29.348	23.442	11.584	18.921	19.946	18.960
123	MI	HD	11.215	15.653	17.300	21.686	14.307	28.142	21.746	10.303	18.510	19.024	16.329
124	MI	HD	11.971	19.501	20.865	22.843	14.416	23.197	24.523	15.516	20.549	20.728	16.746
125	MI	HD	9.964	14.398	18.118	22.003	14.257	27.439	21.761	10.931	19.871	19.010	16.653
126	MI	HD	13.328	18.610	24.472	25.784	15.746	29.469	25.167	16.629	23.714	24.486	18.947
127	MI	HD	15.714	22.972	25.891	25.471	19.133	Undetermined	24.802	15.433	27.016	24.576	21.868
128	Control	HD	12.770	22.311	25.717	26.526	15.886	Undetermined	26.452	15.405	23.833	22.291	17.706
129	Control	HD	13.206	22.297	25.797	25.457	15.249	Undetermined	26.782	16.203	24.147	23.225	18.977
130	Control	HD	13.361	24.176	26.979	25.785	17.226	Undetermined	29.620	17.983	25.524	23.978	19.928
131	Control	HD	13.969	25.665	28.060	26.907	18.207	Undetermined	27.626	17.573	27.378	23.685	19.892
132	Control	HD	31.988	Undetermined	Undetermined	33.156	8.002	Undetermined	32.291	34.203	Undetermined	Undetermined	Undetermined
133	Control	HD	12.137	21.900	24.280	22.261	14.971	32.313	23.039	15.503	22.912	20.460	17.519
134	Control	HD	11.374	17.898	23.591	22.519	14.514	Undetermined	23.344	13.809	21.908	19.948	16.725
135	Control	HD	12.646	23.481	26.112	21.942	15.742	Undetermined	22.164	15.894	25.081	21.949	18.557
136	Control	HD	12.155	20.491	23.980	19.973	16.077	Undetermined	20.351	14.909	23.107	21.545	17.657
137	Control	HD	13.133	20.642	25.228	20.059	15.969	Undetermined	19.917	14.788	23.036	22.043	18.588
138	Control	HD	12.939	22.327	24.960	22.582	15.749	34.156	Undetermined	15.920	22.503	21.292	17.979
139	Control	HD	13.319	22.980	24.419	23.857	15.798	Undetermined	Undetermined	16.177	22.282	21.267	18.288
140	Control	HD	12.921	23.493	25.806	22.384	15.383	32.700	22.563	15.964	23.963	21.276	17.303
141	Control	HD	12.862	23.949	26.033	23.911	15.991	34.458	24.612	15.830	25.258	21.252	17.622
142	Control	HD	12.733	22.921	25.868	23.683	15.148	Undetermined	25.553	16.373	25.047	20.873	17.310
143	Control	HD	12.636	23.533	25.484	20.248	15.783	34.181	20.535	15.538	24.747	21.064	17.139
144	Control	HD	13.506	23.301	25.773	21.325	15.768	36.621	22.526	15.835	24.733	21.074	17.326
145	Control	HD	13.225	24.161	26.372	20.080	16.419	33.650	20.750	15.954	24.685	22.149	17.752
146	Control	HD	11.048	21.544	23.177	21.962	13.828	33.160	24.027	14.807	22.565	20.735	16.052
147	Control	HD	11.913	21.856	24.814	22.365	15.253	33.378	24.676	14.921	23.795	21.062	16.644
148	Control	HD	12.288	20.584	23.878	24.318	16.134	34.628	25.357	15.081	22.577	22.372	17.007
149	Control	HD	12.737	21.524	24.637	24.355	15.851	32.035	24.828	15.836	22.934	22.302	17.434
150	Control	HD	11.809	21.734	24.211	23.118	14.438	32.186	24.529	15.077	23.680	21.129	16.283
151	Control	HD	13.057	23.045	25.430	22.520	15.761	32.968	23.369	15.733	23.501	21.202	17.499
152	Control	HD	17.777	28.294	31.146	21.483	21.002	Undetermined	21.412	21.175	29.587	28.082	24.308
153	Control	HD	13.131	23.143	25.525	24.743	15.912	34.688	27.905	16.334	23.980	21.935	17.875
154	Control	HD	13.068	22.223	23.740	25.530	16.278	34.392	26.761	16.434	22.928	22.350	18.141
155	Control	HD	12.264	20.478	22.864	20.898	15.748	36.062	21.437	14.602	22.154	20.572	17.373
156	Control	HD	10.987	19.705	22.237	22.567	13.862	32.357	24.868	13.876	21.241	19.018	15.403
157	Control	HD	13.190	22.647	24.135	23.305	15.441	32.433	26.291	15.386	23.508	20.960	17.641
